#######
# cumulative_scaffold_table.csv.gz
######
,scaffold,length,breadth,coverage,coverage_median,coverage_std,coverage_SEM,nucl_diversity,nucl_diversity_median,nucl_diversity_rarefied,nucl_diversity_rarefied_median,breadth_minCov,breadth_rarefied,breadth_expected,divergent_site_count,SNS_count,SNV_count,consensus_divergent_sites,population_divergent_sites,conANI_reference,popANI_reference,mm
0,C3-1_NODE_60_length_206064_cov_20.546059,206064,0.00025234878484354373,0.00025234878484354373,0,0.015883485289266072,3.4990149332893065e-05,,,,,0.0,0.0,0.00022279915359824098,0,0,0,0,0,0.0,0.0,4
1,C3-1_NODE_6315_length_2902_cov_2.828943,2902,0.05099931082012405,0.05099931082012405,0,0.21999632068740702,0.004084524949034914,,,,,0.0,0.0,0.04403348381400518,0,0,0,0,0,0.0,0.0,3
2,C3-1_NODE_6515_length_2578_cov_1.881094,2578,0.03917765709852599,0.03917765709852599,0,0.1940174432436329,0.0038219373866133634,,,,,0.0,0.0,0.03400234394629076,0,0,0,0,0,0.0,0.0,4
3,C3-1_NODE_6657_length_2382_cov_2.767942,2382,0.023509655751469353,0.023509655751469353,0,0.15151551682226067,0.0031051130313381973,,,,,0.0,0.0,0.020545040714576412,0,0,0,0,0,0.0,0.0,2
4,C3-1_NODE_7000_length_2005_cov_3.677436,2005,0.02892768079800499,0.02892768079800499,0,0.1676033116667261,0.0037439818696604517,,,,,0.0,0.0,0.02521967605515063,0,0,0,0,0,0.0,0.0,4
5,C3-1_NODE_7219_length_1791_cov_2.903226,1791,0.08207705192629816,0.08207705192629816,0,0.2744820749582492,0.006487650902363803,,,,,0.0,0.0,0.0699101055906135,0,0,0,0,0,0.0,0.0,1
6,C3-1_NODE_8_length_367125_cov_17.009009,367125,0.00013891726251276813,0.00013891726251276813,0,0.011785498059350077,1.9450982915816042e-05,,,,,0.0,0.0,0.0001226564198849589,0,0,0,0,0,0.0,0.0,3
7,C3-1_NODE_8_length_367125_cov_17.009009,367125,0.00015798433775961865,0.0002969016002723868,0,0.023971816258633347,3.9563486087703936e-05,,,,,0.0,0.0,0.00026212975103234726,0,0,0,0,0,0.0,0.0,4
8,C3-1_NODE_8_length_367125_cov_17.009009,367125,0.00015798433775961865,0.0006074225400068097,0,0.04859243254432674,8.019776258057993e-05,,,,,0.0,0.0,0.0005362102906767419,0,0,0,0,0,0.0,0.0,5
#######
# cumulative_snv_table.csv.gz
######
,scaffold,position,ref_base,A,C,T,G,con_base,var_base,mm,allele_count,class,cryptic,position_coverage,var_freq,con_freq,ref_freq
0,C3-4_NODE_136_length_161990_cov_25.209720,118819,C,0,3,0,2,C,G,4,2,SNV,False,5,0.4,0.6,0.6
1,C3-4_NODE_136_length_161990_cov_25.209720,118825,C,0,3,0,2,C,G,4,2,SNV,False,5,0.4,0.6,0.6
2,C3-4_NODE_136_length_161990_cov_25.209720,118831,C,0,3,0,2,C,G,4,2,SNV,False,5,0.4,0.6,0.6
3,C4-3_NODE_100_length_135104_cov_191.917911,88000,C,0,2,3,0,T,C,11,2,con_SNV,False,5,0.4,0.6,0.4
4,C4-3_NODE_100_length_135104_cov_191.917911,88000,C,0,5,3,0,C,T,12,2,SNV,False,8,0.375,0.625,0.625
5,C4-3_NODE_100_length_135104_cov_191.917911,88001,G,0,0,5,0,T,A,11,1,SNS,False,5,0.0,1.0,0.0
6,C4-3_NODE_100_length_135104_cov_191.917911,88001,G,0,0,8,0,T,A,12,1,SNS,False,8,0.0,1.0,0.0
7,C4-3_NODE_100_length_135104_cov_191.917911,88009,C,0,0,5,0,T,A,11,1,SNS,False,5,0.0,1.0,0.0
8,C4-3_NODE_100_length_135104_cov_191.917911,88009,C,0,0,8,0,T,A,12,1,SNS,False,8,0.0,1.0,0.0
#######
# genes_clonality.csv.gz
######
,gene,nucl_diversity,breadth_minCov,mm
0,C3-4_NODE_136_length_161990_cov_25.209720_1,,0.0,4
1,C3-4_NODE_136_length_161990_cov_25.209720_2,,0.0,4
2,C3-4_NODE_136_length_161990_cov_25.209720_3,,0.0,4
3,C3-4_NODE_136_length_161990_cov_25.209720_4,,0.0,4
4,C3-4_NODE_136_length_161990_cov_25.209720_5,,0.0,4
5,C3-4_NODE_136_length_161990_cov_25.209720_6,,0.0,4
6,C3-4_NODE_136_length_161990_cov_25.209720_7,,0.0,4
7,C3-4_NODE_136_length_161990_cov_25.209720_8,,0.0,4
8,C3-4_NODE_136_length_161990_cov_25.209720_9,,0.0,4
#######
# genes_coverage.csv.gz
######
,gene,coverage,breadth,mm
0,C3-1_NODE_60_length_206064_cov_20.546059_1,0.0,0.0,4
1,C3-1_NODE_60_length_206064_cov_20.546059_2,0.0,0.0,4
2,C3-1_NODE_60_length_206064_cov_20.546059_3,0.0,0.0,4
3,C3-1_NODE_60_length_206064_cov_20.546059_4,0.0,0.0,4
4,C3-1_NODE_60_length_206064_cov_20.546059_5,0.0,0.0,4
5,C3-1_NODE_60_length_206064_cov_20.546059_6,0.0,0.0,4
6,C3-1_NODE_60_length_206064_cov_20.546059_7,0.0,0.0,4
7,C3-1_NODE_60_length_206064_cov_20.546059_8,0.0,0.0,4
8,C3-1_NODE_60_length_206064_cov_20.546059_9,0.0,0.0,4
#######
# genes_SNP_count.csv.gz
######
,mm,gene,gene_length,divergent_site_count,SNS_count,SNS_N_count,SNS_S_count,SNV_count,SNV_N_count,SNV_S_count,S_sites,N_sites,dNdS_substitutions,pNpS_variants
0,4,C3-4_NODE_136_length_161990_cov_25.209720_1,129,0,0,0,0,0,0,0,30.999999999999993,95.0,,
1,4,C3-4_NODE_136_length_161990_cov_25.209720_2,1032,0,0,0,0,0,0,0,255.33333333333366,773.6666666666658,,
2,4,C3-4_NODE_136_length_161990_cov_25.209720_3,219,0,0,0,0,0,0,0,51.0,165.0,,
3,4,C3-4_NODE_136_length_161990_cov_25.209720_4,2034,0,0,0,0,0,0,0,501.66666666666515,1529.3333333333371,,
4,4,C3-4_NODE_136_length_161990_cov_25.209720_5,987,0,0,0,0,0,0,0,239.00000000000043,744.9999999999992,,
5,4,C3-4_NODE_136_length_161990_cov_25.209720_6,747,0,0,0,0,0,0,0,173.3333333333335,570.6666666666673,,
6,4,C3-4_NODE_136_length_161990_cov_25.209720_7,972,0,0,0,0,0,0,0,237.3333333333336,731.6666666666664,,
7,4,C3-4_NODE_136_length_161990_cov_25.209720_8,258,0,0,0,0,0,0,0,60.6666666666667,194.3333333333333,,
8,4,C3-4_NODE_136_length_161990_cov_25.209720_9,1728,0,0,0,0,0,0,0,399.3333333333324,1325.6666666666677,,
#######
# genes_table.csv.gz
######
,gene,scaffold,direction,partial,start,end
0,C1-2_NODE_3_length_779203_cov_54.288384_1,C1-2_NODE_3_length_779203_cov_54.288384,-1,False,134,583
1,C1-2_NODE_3_length_779203_cov_54.288384_2,C1-2_NODE_3_length_779203_cov_54.288384,-1,False,595,1902
2,C1-2_NODE_3_length_779203_cov_54.288384_3,C1-2_NODE_3_length_779203_cov_54.288384,-1,False,1953,3296
3,C1-2_NODE_3_length_779203_cov_54.288384_4,C1-2_NODE_3_length_779203_cov_54.288384,-1,False,3356,4087
4,C1-2_NODE_3_length_779203_cov_54.288384_5,C1-2_NODE_3_length_779203_cov_54.288384,-1,False,4084,5454
5,C1-2_NODE_3_length_779203_cov_54.288384_6,C1-2_NODE_3_length_779203_cov_54.288384,-1,False,5451,6566
6,C1-2_NODE_3_length_779203_cov_54.288384_7,C1-2_NODE_3_length_779203_cov_54.288384,-1,False,6585,7820
7,C1-2_NODE_3_length_779203_cov_54.288384_8,C1-2_NODE_3_length_779203_cov_54.288384,-1,False,7832,9169
8,C1-2_NODE_3_length_779203_cov_54.288384_9,C1-2_NODE_3_length_779203_cov_54.288384,-1,False,9174,10436
#######
# genome_level_info.csv.gz
######
,mm,genome,detected_scaffolds,true_scaffolds,length,SNS_count,SNV_count,divergent_site_count,consensus_divergent_sites,population_divergent_sites,breadth,coverage,nucl_diversity,nucl_diversity_rarefied,conANI_reference,popANI_reference,breadth_minCov,breadth_expected,coverage_median,coverage_SEM,coverage_std,iRep,iRep_GC_corrected,reads_unfiltered_reads,reads_unfiltered_pairs,reads_unfiltered_singletons,reads_unfiltered_priority_reads,reads_pass_min_read_ani,reads_pass_max_insert,reads_pass_min_insert,reads_pass_min_mapq,filtered_read_pair_count,reads_filtered_singletons,reads_filtered_priority_reads,reads_mean_mistmaches,reads_mean_insert_distance,reads_mean_mapq_score,reads_mean_pair_length,reads_mean_PID,reads_median_insert,r2_mean,d_prime_mean,SNV_distance_mean,linked_SNV_count
0,0,A1-2_16,6.0,39.0,2190974.0,0.0,0.0,0.0,0.0,0.0,0.00022136273639027822,0.0005851278928914508,0.0,0.0,1.0,1.0,4.974956343615678e-05,0.0005165344795325932,0,1.0013760697163618e-05,0.014795896493582242,,False,698502,347384,2643,0,345850.0,210808.0,136607.0,347384.0,30,0,0,1.1788387874294532,183.1466446572242,41.036230479901484,301.28071850955143,0.9960776559784733,126.52564102564102,,,,
1,0,A1-3_6,4.0,36.0,1811940.0,0.0,0.0,0.0,0.0,0.0,0.00015839376579797869,0.00022848438690022265,,,0.0,0.0,0.0,0.00020173136312451323,0,1.3684388459890031e-05,0.01838368609573367,,False,672253,329550,10886,0,318630.0,3890.0,325691.0,329550.0,29,0,0,2.9257732029380543,334.2449112532332,57.280240506383834,301.15478237316273,0.9902698371308263,321.52777777777777,,,,
2,0,A2-1_23,1.0,5.0,2588039.0,0.0,0.0,0.0,0.0,0.0,8.88703763737718e-06,8.88703763737718e-06,,,0.0,0.0,0.0,7.847223444157336e-06,0,1.8537838554240517e-06,0.0029816763427340967,,False,85936,42909,118,0,42903.0,42312.0,598.0,42909.0,1,0,0,0.15288630887491086,23.694624941372645,20.549045729328963,301.3300710745989,0.9994900432227164,19.0,,,,
3,0,A2-2_5,15.0,54.0,1094577.0,0.0,0.0,0.0,0.0,0.0,0.0010058680202489016,0.0022355667988638362,0.0,0.0,1.0,1.0,8.587792361798041e-05,0.0019720584159571564,0,3.299134095409497e-05,0.03434549126880599,,False,1628043,797638,29207,0,780668.0,32686.0,765089.0,797638.0,133,0,0,3.059952875261195,322.8999231817429,56.98971181190392,301.1380562194859,0.9898237308642329,315.9537037037037,,,,
4,0,A2-3_7,2.0,132.0,2519839.0,0.0,0.0,0.0,0.0,0.0,2.3017343568378628e-05,2.3017343568378628e-05,,,0.0,0.0,0.0,2.0324107833369354e-05,0,3.0542901017705434e-06,0.004822914597378712,,False,203364,101565,234,0,101560.0,101503.0,65.0,101565.0,3,0,0,0.10758469757471245,19.587258265600152,21.748710115148025,301.3758109676611,0.9996428136089318,18.90530303030303,,,,
5,0,A4-1_17,1.0,22.0,1838399.0,0.0,0.0,0.0,0.0,0.0,3.3724996586701696e-05,0.003373043610228244,0.0,0.0,1.0,1.0,3.263709347100241e-05,0.002973966482184398,0,0.00046703267979927377,0.6324798580017015,,False,180562,89838,886,0,89649.0,89300.0,701.0,89838.0,163,0,0,0.7310855425748678,29.79953748983113,18.562562209283694,301.2956066965552,0.9975674455084614,31.227272727272727,,,,
6,0,A4-2_14,1.0,9.0,2385677.0,0.0,0.0,0.0,0.0,0.0,1.5928392653322306e-05,4.2755159227329794e-05,,,0.0,0.0,0.0,3.775209296952298e-05,0,7.069229491757746e-06,0.010914752978914385,,False,85075,42464,147,0,42392.0,42301.0,166.0,42464.0,3,0,0,0.169055956046089,20.139219323364404,19.188991316197544,301.39348127420385,0.999434963170827,18.77777777777778,,,,
7,0,A5-2_10,4.0,5.0,1628319.0,0.0,0.0,0.0,0.0,0.0,0.00018730973476321395,0.00024319559005325818,,,0.0,0.0,0.0,0.00021471865066724494,0,1.4772539215046815e-05,0.01884479275434733,,False,772055,376980,15477,0,336220.0,58111.0,318969.0,376980.0,97,0,0,6.916740347034555,311.86497923262715,49.64812660862255,301.2454744860369,0.977024585041683,302.0,,,,
8,0,A5-4_6,1.0,225.0,5439824.0,0.0,0.0,0.0,0.0,0.0,9.375303318636117e-06,1.5074017100552159e-05,,,0.0,0.0,0.0,1.331026851736361e-05,0,2.224344886796237e-06,0.005166432100751089,,False,83263,41537,189,0,41535.0,41530.0,33.0,41537.0,24,0,0,0.0681519717557412,18.7472287158802,26.743627547808032,301.2936133818107,0.9997738583424353,18.349765258215964,,,,
#######
# mapping_info.csv.gz
######
,scaffold,unfiltered_reads,unfiltered_pairs,unfiltered_singletons,unfiltered_priority_reads,pass_pairing_filter,pass_min_read_ani,pass_max_insert,pass_min_insert,pass_min_mapq,filtered_pairs,filtered_singletons,filtered_priority_reads,mean_mistmaches,mean_insert_distance,mean_mapq_score,mean_pair_length,mean_PID,median_insert
0,all_scaffolds,30777264,14672157,1282355,0,14672157,14027097.0,10775691.0,4004921.0,14672157.0,107749,0,0,2.165151517939728,110.2616711366979,29.375657376076333,300.3787798208539,0.992789898134869,94.52640194621691
1,A5-4_NODE_16426_length_1290_cov_2.132794,4,2,0,0,2,2.0,2.0,0.0,2.0,0,0,0,0.0,18.0,0.0,301.0,1.0,18.0
2,D6-5_NODE_1037_length_11169_cov_9.849829,170,85,0,0,85,85.0,76.0,9.0,85.0,0,0,0,0.11764705882352941,59.28235294117647,32.22352941176471,301.22352941176473,0.9996100519369923,20.0
3,D8-3_NODE_491_length_27752_cov_20.379355,1113,556,1,0,556,555.0,554.0,2.0,556.0,0,0,0,0.14928057553956833,20.386690647482013,17.841726618705035,301.3938848920863,0.9995050767716155,19.0
4,A6-2_NODE_12189_length_3975_cov_10.892092,56,28,0,0,28,28.0,28.0,0.0,28.0,0,0,0,0.07142857142857142,18.071428571428573,34.285714285714285,301.5357142857143,0.999763481551561,18.0
5,C7-3_NODE_485_length_8949_cov_22.923319,77,38,1,0,38,38.0,38.0,0.0,38.0,0,0,0,0.0,18.57894736842105,31.210526315789473,301.63157894736844,1.0,18.0
6,D9-1_NODE_3023_length_26223_cov_21.306214,1777,887,3,0,887,887.0,887.0,0.0,887.0,0,0,0,0.0992108229988726,19.453213077790306,19.61555806087937,301.26832018038334,0.9996707471312514,19.0
7,D8-3_NODE_4631_length_3177_cov_7.653427,0,0,0,0,0,0.0,0.0,0.0,0.0,0,0,0,,,,,,
8,D4-4_NODE_15043_length_2269_cov_3.185185,74,37,0,0,37,37.0,37.0,0.0,37.0,0,0,0,0.02702702702702703,18.216216216216218,25.08108108108108,301.4054054054054,0.999910506533023,18.0
#######
# raw_linkage_table.csv.gz
######
,r2,d_prime,r2_normalized,d_prime_normalized,total,countAB,countAb,countaB,countab,allele_A,allele_a,allele_B,allele_b,distance,position_A,position_B,mm,scaffold
0,1.0000000000000007,1.0000000000000002,0.9999999999999998,0.9999999999999999,23,17,0,0,6,T,A,T,A,0,39543,39543,2,C4-3_NODE_1782_length_39588_cov_174.791364
1,1.0000000000000002,1.0,1.0,1.0,26,17,0,0,9,T,A,T,A,0,39543,39543,3,C4-3_NODE_1782_length_39588_cov_174.791364
2,0.9999999999999998,1.0,1.0,1.0,27,17,0,0,10,T,A,T,A,0,39543,39543,4,C4-3_NODE_1782_length_39588_cov_174.791364
3,0.9999999999999998,1.0,1.0,1.0,109,79,0,0,30,T,A,T,G,3,39543,39546,2,C4-3_NODE_1782_length_39588_cov_174.791364
4,1.0000000000000002,1.0000000000000002,1.0,1.0,119,79,0,0,40,T,A,T,G,3,39543,39546,3,C4-3_NODE_1782_length_39588_cov_174.791364
5,0.9999999999999994,0.9999999999999999,0.9999999999999998,0.9999999999999999,123,79,0,0,44,T,A,T,G,3,39543,39546,4,C4-3_NODE_1782_length_39588_cov_174.791364
6,1.0,1.0,0.9999999999999998,0.9999999999999998,21,14,0,0,7,T,G,T,G,0,39546,39546,2,C4-3_NODE_1782_length_39588_cov_174.791364
7,0.9999999999999998,0.9999999999999999,1.0,1.0,23,14,0,0,9,T,G,T,G,0,39546,39546,3,C4-3_NODE_1782_length_39588_cov_174.791364
8,0.9999999999999996,0.9999999999999999,0.9999999999999998,0.9999999999999999,24,14,0,0,10,T,G,T,G,0,39546,39546,4,C4-3_NODE_1782_length_39588_cov_174.791364
#######
# raw_snp_table.csv.gz
######
,scaffold,position,ref_base,A,C,T,G,con_base,var_base,mm,allele_count,class,cryptic,position_coverage
0,C3-4_NODE_136_length_161990_cov_25.209720,118819,C,0,3,0,2,C,G,4,2,SNV,False,5
1,C3-4_NODE_136_length_161990_cov_25.209720,118825,C,0,3,0,2,C,G,4,2,SNV,False,5
2,C3-4_NODE_136_length_161990_cov_25.209720,118831,C,0,3,0,2,C,G,4,2,SNV,False,5
3,C4-3_NODE_100_length_135104_cov_191.917911,88000,C,0,2,3,0,T,C,11,2,con_SNV,False,5
4,C4-3_NODE_100_length_135104_cov_191.917911,88000,C,0,5,3,0,C,T,12,2,SNV,False,8
5,C4-3_NODE_100_length_135104_cov_191.917911,88001,G,0,0,5,0,T,A,11,1,SNS,False,5
6,C4-3_NODE_100_length_135104_cov_191.917911,88001,G,0,0,8,0,T,A,12,1,SNS,False,8
7,C4-3_NODE_100_length_135104_cov_191.917911,88009,C,0,0,5,0,T,A,11,1,SNS,False,5
8,C4-3_NODE_100_length_135104_cov_191.917911,88009,C,0,0,8,0,T,A,12,1,SNS,False,8
#######
# SNP_mutation_types.csv.gz
######
,scaffold,position,ref_base,A,C,T,G,con_base,var_base,allele_count,class,cryptic,position_coverage,var_freq,con_freq,ref_freq,mutation_type,mutation,gene
0,C3-4_NODE_136_length_161990_cov_25.209720,118819,C,0,3,0,2,C,G,2,SNV,False,5,0.4,0.6,0.6,I,,
1,C3-4_NODE_136_length_161990_cov_25.209720,118825,C,0,3,0,2,C,G,2,SNV,False,5,0.4,0.6,0.6,I,,
2,C3-4_NODE_136_length_161990_cov_25.209720,118831,C,0,3,0,2,C,G,2,SNV,False,5,0.4,0.6,0.6,I,,
3,C4-3_NODE_100_length_135104_cov_191.917911,88000,C,0,5,3,0,C,T,2,SNV,False,8,0.375,0.625,0.625,S,S:545,C4-3_NODE_100_length_135104_cov_191.917911_93
4,C4-3_NODE_100_length_135104_cov_191.917911,88001,G,0,0,8,0,T,A,1,SNS,False,8,0.0,1.0,0.0,N,N:V546F,C4-3_NODE_100_length_135104_cov_191.917911_93
5,C4-3_NODE_100_length_135104_cov_191.917911,88009,C,0,0,8,0,T,A,1,SNS,False,8,0.0,1.0,0.0,S,S:554,C4-3_NODE_100_length_135104_cov_191.917911_93
6,C4-3_NODE_100_length_135104_cov_191.917911,88013,G,7,0,0,0,A,A,1,SNS,False,7,1.0,1.0,0.0,N,N:E558K,C4-3_NODE_100_length_135104_cov_191.917911_93
7,C4-3_NODE_100_length_135104_cov_191.917911,88018,G,0,8,0,0,C,A,1,SNS,False,8,0.0,1.0,0.0,S,S:563,C4-3_NODE_100_length_135104_cov_191.917911_93
8,C4-3_NODE_100_length_135104_cov_191.917911,88021,T,0,8,0,0,C,A,1,SNS,False,8,0.0,1.0,0.0,S,S:566,C4-3_NODE_100_length_135104_cov_191.917911_93